-- supabase/migrations/026_ajisai_spots.sql
-- Auto-generated by convert_to_ph.js on 2026-03-22
-- 63 ajisai spots (IDs 101–163)

INSERT INTO flower_spots (
  id, season_id, name_ja, name_en, prefecture, prefecture_code,
  city, category, tree_count,
  bloom_early_start, bloom_peak_start, bloom_peak_end, bloom_late_end,
  lat, lng, tags, description, region_id
) VALUES
(101, 'ajisai', '龍口山天台寺', '', '岩手県', 3, '二戸市', 'shrine', 0, '06-01', '06-15', '07-05', '07-15', 35.040878, 135.7399031, ARRAY[]::TEXT[], '龍口山天台寺', 'jp'),
(102, 'ajisai', '八葉山雲昌寺', '', '秋田県', 5, '男鹿市', 'shrine', 0, '06-01', '06-15', '07-05', '07-15', 39.9992108, 139.7071004, ARRAY[]::TEXT[], '八葉山雲昌寺', 'jp'),
(103, 'ajisai', '慈雲山資福寺', '', '宮城県', 4, '仙台市', 'shrine', 0, '06-01', '06-15', '07-05', '07-15', 35.0336911, 135.7506859, ARRAY[]::TEXT[], '慈雲山資福寺', 'jp'),
(104, 'ajisai', '五台山文殊堂', '', '山形県', 6, '', 'shrine', 0, '06-01', '06-15', '07-05', '07-15', 38.4746705, 140.083237, ARRAY[]::TEXT[], '真言宗醍醐派 五台山文殊堂', 'jp'),
(105, 'ajisai', '笹野観音堂 長命山幸徳院笹野寺', '', '山形県', 6, '米沢市', 'shrine', 0, '06-01', '06-15', '07-05', '07-15', 35.0144813, 135.762475, ARRAY[]::TEXT[], '真言宗豊山派 笹野観音堂 長命山幸徳院笹野寺', 'jp'),
(106, 'ajisai', '高林寺', '', '福島県', 7, '二本松市', 'shrine', 0, '06-01', '06-15', '07-05', '07-15', 35.7247535, 139.7547974, ARRAY[]::TEXT[], '護法山 高林寺', 'jp'),
(107, 'ajisai', '妙法寺', '', '山梨県', 19, '南巨摩郡富士川町', 'shrine', 0, '06-01', '06-15', '07-05', '07-15', 35.5445828, 138.430572, ARRAY[]::TEXT[], '妙法寺', 'jp'),
(108, 'ajisai', '楽法寺', '', '茨城県', 8, '', 'shrine', 0, '06-01', '06-15', '07-05', '07-15', 36.3308466, 140.1205429, ARRAY[]::TEXT[], '楽法寺', 'jp'),
(109, 'ajisai', '二本松寺', '', '茨城県', 8, '潮来市', 'shrine', 0, '06-01', '06-15', '07-05', '07-15', 37.6361245, 140.4817222, ARRAY[]::TEXT[], '二本松寺', 'jp'),
(110, 'ajisai', '本土寺', '', '千葉県', 12, '松戸市平賀', 'shrine', 0, '06-01', '06-15', '07-05', '07-15', 35.8401602, 139.9286562, ARRAY[]::TEXT[], '本土寺', 'jp'),
(111, 'ajisai', '妙法生寺', '', '千葉県', 12, '夷隅郡大多喜町麻綿原', 'shrine', 0, '06-01', '06-15', '07-05', '07-15', 35.0144813, 135.762475, ARRAY[]::TEXT[], '妙法生寺', 'jp'),
(112, 'ajisai', '真野寺', '', '千葉県', 12, '南房総市久保', 'shrine', 0, '06-01', '06-15', '07-05', '07-15', 34.9478651, 135.7679258, ARRAY[]::TEXT[], '真野寺', 'jp'),
(113, 'ajisai', '日運寺', '', '千葉県', 12, '南房総市', 'shrine', 0, '06-01', '06-15', '07-05', '07-15', 35.0144127, 139.944748, ARRAY[]::TEXT[], '日運寺', 'jp'),
(114, 'ajisai', '明月院', '', '神奈川県', 14, '鎌倉市', 'shrine', 0, '06-01', '06-15', '07-05', '07-15', 35.3349131, 139.5516437, ARRAY[]::TEXT[], '明月院', 'jp'),
(115, 'ajisai', '長谷寺', '', '神奈川県', 14, '鎌倉市', 'shrine', 0, '06-01', '06-15', '07-05', '07-15', 35.3122687, 139.5333092, ARRAY[]::TEXT[], '長谷寺', 'jp'),
(116, 'ajisai', '成就院', '', '神奈川県', 14, '鎌倉市', 'shrine', 0, '06-01', '06-15', '07-05', '07-15', 35.3090783, 139.5312626, ARRAY[]::TEXT[], '成就院', 'jp'),
(117, 'ajisai', '妙楽寺', '', '神奈川県', 14, '川崎市多摩区', 'shrine', 0, '06-01', '06-15', '07-05', '07-15', 35.6084883, 139.5774543, ARRAY[]::TEXT[], '妙楽寺', 'jp'),
(118, 'ajisai', '浄慶寺', '', '神奈川県', 14, '川崎市麻生区', 'shrine', 0, '06-01', '06-15', '07-05', '07-15', 35.584755, 139.4997191, ARRAY[]::TEXT[], '浄慶寺', 'jp'),
(119, 'ajisai', '保安寺', '', '埼玉県', 11, '熊谷市', 'shrine', 0, '06-01', '06-15', '07-05', '07-15', 35.0336911, 135.7506859, ARRAY[]::TEXT[], '保安寺', 'jp'),
(120, 'ajisai', '能護寺', '', '埼玉県', 11, '熊谷市', 'shrine', 0, '06-01', '06-15', '07-05', '07-15', 35.0144813, 135.762475, ARRAY[]::TEXT[], '能護寺', 'jp'),
(121, 'ajisai', '金泉寺', '', '埼玉県', 11, '比企郡嵐山町', 'shrine', 0, '06-01', '06-15', '07-05', '07-15', 36.7226635, 137.2628994, ARRAY[]::TEXT[], '金泉寺', 'jp'),
(122, 'ajisai', '小比叡山蓮華峰寺', '', '新潟県', 15, '佐渡市', 'shrine', 0, '06-01', '06-15', '07-05', '07-15', 35.0336911, 135.7506859, ARRAY[]::TEXT[], '小比叡山蓮華峰寺', 'jp'),
(123, 'ajisai', '和住山平等寺', '', '石川県', 17, '鳳珠郡能登町', 'shrine', 0, '06-01', '06-15', '07-05', '07-15', 35.0144813, 135.762475, ARRAY[]::TEXT[], '和住山平等寺', 'jp'),
(124, 'ajisai', '赤木山弘長寺', '', '長野県', 20, '松本市', 'shrine', 0, '06-01', '06-15', '07-05', '07-15', 33.9590407, 130.948352, ARRAY[]::TEXT[], '赤木山弘長寺', 'jp'),
(125, 'ajisai', '塩沢山', '', '長野県', 20, '', 'shrine', 0, '06-01', '06-15', '07-05', '07-15', 39.731074, 140.1984745, ARRAY[]::TEXT[], '塩沢山', 'jp'),
(126, 'ajisai', '感応山深妙寺', '', '長野県', 20, '伊那市西春近小出三区', 'shrine', 0, '06-01', '06-15', '07-05', '07-15', 35.0144813, 135.762475, ARRAY[]::TEXT[], '感応山深妙寺', 'jp'),
(127, 'ajisai', '三嶋山高源院', '', '長野県', 20, '飯山市豊田', 'shrine', 0, '06-01', '06-15', '07-05', '07-15', 35.5095549, 137.7796552, ARRAY[]::TEXT[], '三嶋山高源院', 'jp'),
(128, 'ajisai', '白梅山本勝寺', '', '静岡県', 22, '掛川市川久保', 'shrine', 0, '06-01', '06-15', '07-05', '07-15', 35.0144813, 135.762475, ARRAY[]::TEXT[], '白梅山本勝寺', 'jp'),
(129, 'ajisai', '実谷山極楽寺', '', '静岡県', 22, '周智郡森町一宮', 'shrine', 0, '06-01', '06-15', '07-05', '07-15', 34.9629323, 135.7673211, ARRAY[]::TEXT[], '実谷山極楽寺', 'jp'),
(130, 'ajisai', '龍王山三光寺', '', '岐阜県', 21, '山県市富永', 'shrine', 0, '06-01', '06-15', '07-05', '07-15', 35.4108212, 136.7584088, ARRAY[]::TEXT[], '龍王山三光寺', 'jp'),
(131, 'ajisai', '大塚山性海寺', '', '愛知県', 23, '稲沢市', 'shrine', 0, '06-01', '06-15', '07-05', '07-15', 35.0144813, 135.762475, ARRAY[]::TEXT[], '大塚山性海寺', 'jp'),
(132, 'ajisai', '瑞雲山本光寺', '', '愛知県', 23, '額田郡幸田町', 'shrine', 0, '06-01', '06-15', '07-05', '07-15', 35.0336911, 135.7506859, ARRAY[]::TEXT[], '瑞雲山本光寺', 'jp'),
(133, 'ajisai', '正眼山安穏寺', '', '愛知県', 23, '丹羽郡扶桑町', 'shrine', 0, '06-01', '06-15', '07-05', '07-15', 35.0336911, 135.7506859, ARRAY[]::TEXT[], '正眼山安穏寺', 'jp'),
(134, 'ajisai', '勝峰山兜率院金剛證寺', '', '三重県', 24, '伊勢市', 'shrine', 0, '06-01', '06-15', '07-05', '07-15', 35.0299779, 135.7529452, ARRAY[]::TEXT[], '勝峰山兜率院金剛證寺', 'jp'),
(135, 'ajisai', '法雨山大慈寺', '', '三重県', 24, '志摩市（英虞郡', 'shrine', 0, '06-01', '06-15', '07-05', '07-15', 35.0336911, 135.7506859, ARRAY[]::TEXT[], '法雨山大慈寺', 'jp'),
(136, 'ajisai', '丹生山神宮寺成就院', '', '三重県', 24, '多気郡多気町', 'shrine', 0, '06-01', '06-15', '07-05', '07-15', 34.5320641, 136.6278471, ARRAY[]::TEXT[], '丹生大師 女人高野山 丹生山神宮寺成就院', 'jp'),
(137, 'ajisai', '日朝山弥勒寺', '', '三重県', 24, '名張市', 'shrine', 0, '06-01', '06-15', '07-05', '07-15', 34.6695931, 136.1101617, ARRAY[]::TEXT[], '日朝山弥勒寺', 'jp'),
(138, 'ajisai', '補陀洛山観音寺', '', '京都府', 26, '福知山市', 'shrine', 0, '06-01', '06-15', '07-05', '07-15', 35.4590072, 135.1445291, ARRAY[]::TEXT[], '補陀洛山観音寺', 'jp'),
(139, 'ajisai', '明星山三室戸寺', '', '京都府', 26, '宇治市菟道', 'shrine', 0, '06-01', '06-15', '07-05', '07-15', 35.0336911, 135.7506859, ARRAY[]::TEXT[], '明星山三室戸寺', 'jp'),
(140, 'ajisai', '魚山三千院', '', '京都府', 26, '京都市大原', 'shrine', 0, '06-01', '06-15', '07-05', '07-15', 35.0265997, 135.7392156, ARRAY[]::TEXT[], '魚山三千院', 'jp'),
(141, 'ajisai', '高雄山報恩院岩船寺', '', '京都府', 26, '木津川市', 'shrine', 0, '06-01', '06-15', '07-05', '07-15', 35.0336911, 135.7506859, ARRAY[]::TEXT[], '高雄山報恩院岩船寺', 'jp'),
(142, 'ajisai', '立願山楊谷寺', '', '京都府', 26, '長岡京市', 'shrine', 0, '06-01', '06-15', '07-05', '07-15', 35.1648944, 136.9510033, ARRAY[]::TEXT[], '立願山楊谷寺', 'jp'),
(143, 'ajisai', '金泉山慈昌院長慶寺', '', '大阪府', 27, '泉南市', 'shrine', 0, '06-01', '06-15', '07-05', '07-15', 35.0014533, 135.748924, ARRAY[]::TEXT[], '金泉山慈昌院長慶寺', 'jp'),
(144, 'ajisai', '栢谷山西林寺', '', '兵庫県', 28, '西脇市', 'shrine', 0, '06-01', '06-15', '07-05', '07-15', 34.7692969, 135.3047819, ARRAY[]::TEXT[], '栢谷山西林寺', 'jp'),
(145, 'ajisai', '祥雲山頼光寺', '', '兵庫県', 28, '川西市', 'shrine', 0, '06-01', '06-15', '07-05', '07-15', 34.856112, 135.4063359, ARRAY[]::TEXT[], '祥雲山頼光寺', 'jp'),
(146, 'ajisai', '萬年山円通寺', '', '兵庫県', 28, '豊岡市', 'shrine', 0, '06-01', '06-15', '07-05', '07-15', 35.5443809, 134.8149004, ARRAY[]::TEXT[], '萬年山円通寺', 'jp'),
(147, 'ajisai', '矢田山金剛山寺 矢田寺', '', '奈良県', 29, '大和郡山市', 'shrine', 0, '06-01', '06-15', '07-05', '07-15', 34.6474216, 135.7734213, ARRAY[]::TEXT[], '高野山真言宗 矢田山金剛山寺 矢田寺', 'jp'),
(148, 'ajisai', '衣笠山願成寺', '', '和歌山県', 30, '海南市', 'shrine', 0, '06-01', '06-15', '07-05', '07-15', 37.5754797, 126.9799186, ARRAY[]::TEXT[], '天台宗 衣笠山願成寺', 'jp'),
(149, 'ajisai', '歓喜山月照寺', '', '島根県', 32, '松江市外中原町', 'shrine', 0, '06-01', '06-15', '07-05', '07-15', 35.4733192, 133.0490124, ARRAY[]::TEXT[], '歓喜山月照寺', 'jp'),
(150, 'ajisai', '大滝山西法院', '', '岡山県', 33, '備前市', 'shrine', 0, '06-01', '06-15', '07-05', '07-15', 35.0144813, 135.762475, ARRAY[]::TEXT[], '大滝山西法院', 'jp'),
(151, 'ajisai', '金光山長法寺', '', '岡山県', 33, '津山市井口', 'shrine', 0, '06-01', '06-15', '07-05', '07-15', 35.0336911, 135.7506859, ARRAY[]::TEXT[], '金光山長法寺', 'jp'),
(152, 'ajisai', '恵龍山大聖寺', '', '岡山県', 33, '美作市', 'shrine', 0, '06-01', '06-15', '07-05', '07-15', 35.0418141, 134.2827741, ARRAY[]::TEXT[], '恵龍山大聖寺', 'jp'),
(153, 'ajisai', '神宮寺', '', '広島県', 34, '府中市栗柄町', 'shrine', 0, '06-01', '06-15', '07-05', '07-15', 34.6675193, 135.1498532, ARRAY[]::TEXT[], '神宮寺', 'jp'),
(154, 'ajisai', '華宮山阿弥陀寺', '', '山口県', 35, '防府市東大別院', 'shrine', 0, '06-01', '06-15', '07-05', '07-15', 35.0336911, 135.7506859, ARRAY[]::TEXT[], '華宮山阿弥陀寺', 'jp'),
(155, 'ajisai', '向徳寺', '', '山口県', 35, '長門市', 'shrine', 0, '06-01', '06-15', '07-05', '07-15', 34.408373, 130.9702021, ARRAY[]::TEXT[], '向徳寺', 'jp'),
(156, 'ajisai', '雲辺寺', '', '徳島県', 36, '三好市', 'shrine', 0, '06-01', '06-15', '07-05', '07-15', 34.0351293, 133.7229222, ARRAY[]::TEXT[], '雲辺寺', 'jp'),
(157, 'ajisai', '熊谷寺', '', '徳島県', 36, '阿波市', 'shrine', 0, '06-01', '06-15', '07-05', '07-15', 34.1227308, 134.3400517, ARRAY[]::TEXT[], '熊谷寺', 'jp'),
(158, 'ajisai', '白峯寺', '', '香川県', 37, '坂出市', 'shrine', 0, '06-01', '06-15', '07-05', '07-15', 34.3344627, 133.9270371, ARRAY[]::TEXT[], '白峯寺', 'jp'),
(159, 'ajisai', '勝名寺', '', '香川県', 37, '高松市', 'shrine', 0, '06-01', '06-15', '07-05', '07-15', 34.1394614, 133.7133802, ARRAY[]::TEXT[], '勝名寺', 'jp'),
(160, 'ajisai', '安城寺', '', '愛媛県', 38, '松山市', 'shrine', 0, '06-01', '06-15', '07-05', '07-15', 33.8793203, 132.7413155, ARRAY[]::TEXT[], '安城寺', 'jp'),
(161, 'ajisai', '父養寺', '', '高知県', 39, '香南市', 'shrine', 0, '06-01', '06-15', '07-05', '07-15', 34.6757089, 135.830545, ARRAY[]::TEXT[], '父養寺', 'jp'),
(162, 'ajisai', '筑紫山普光寺', '', '大分県', 44, '豊後大野市朝地町上尾塚', 'shrine', 0, '06-01', '06-15', '07-05', '07-15', 34.981541, 135.8128107, ARRAY[]::TEXT[], '高野山真言宗 筑紫山普光寺', 'jp'),
(163, 'ajisai', '真言宗大覚寺派 杉岳山大聖寺', '', '佐賀県', 41, '', 'shrine', 0, '06-01', '06-15', '07-05', '07-15', 33.2185408, 130.1296585, ARRAY[]::TEXT[], '真言宗大覚寺派 杉岳山大聖寺', 'jp');
